3.80815697503,58.9782570348
5.83145396122,86.935464227
3.37167705085,71.5357902823
5.90685289885,69.4646875752
4.7065169233,32.4950480581
2.96970449571,10.0553801533
2.81723595593,84.6043244901
1.40199631103,22.0138627927
8.1134304632,62.5697252331
8.64748847626,20.8510455171
3.82667616748,69.3700729489
8.97648800531,32.7023798263
9.94717736282,83.9280993618
4.4372149515,32.1226098227
4.15314064918,96.2330096992
6.6658269352,8.70428769909
4.81644529229,92.9544824545
8.13278251614,19.8272436789
1.96988567024,95.0354900796
3.98752730549,18.7236682885
8.43673424976,8.6886991943
4.46301278214,86.1742998986
4.96503774604,13.5870618093
4.51990464667,55.1837080035
3.6941758377,87.2545114483
3.49408880073,24.3699189608
3.82521700936,0.477595125201
3.44484119854,75.1281939867
2.07845360443,66.1554125525
4.92836845852,20.0709397116
3.87094813295,70.6205277439
0.778949645268,70.5476410454
8.91057594293,18.3639373644
5.38921143504,21.679569344
1.52095343073,10.7044410197
1.35414836464,94.2301633221
6.46823507128,8.00773206588
4.9612762882,23.4350347967
8.35583149799,36.1315806623
9.29997426216,58.3737932184
1.42594796481,92.7877363511
4.30669972956,53.0840183408
7.70645936252,81.5092691666
8.65125886847,26.7350079674
9.47153692423,9.87544214403
9.74107566509,86.0655339495
6.43013843442,18.6624936677
4.392782186,5.4096247623
8.07471579489,54.9462526773
3.64890773896,1.84071890611
1.43669204354,71.2051554817
4.71607817435,65.4367548857
8.40842264241,13.1356185238
9.89719342864,50.2189943728
4.8361236448,66.7214410601
5.75651511373,38.4200746842
1.61843866548,27.6033921788
2.23838217348,36.2528574191
7.0317978303,31.1029398937
9.46173755542,26.7840734138
2.98781142428,57.00167855
6.27998011879,8.93149423211
9.88305036546,8.69957707752
2.25771661131,87.5336408132
1.22432125445,43.2602260552
1.46292607841,14.5110718059
3.81836455827,51.5158196441
4.67559789225,43.6773527222
9.8994842261,87.44874059
1.83870647331,97.46239045
0.315290187909,72.9391387363
9.14994896958,84.0144755029
0.39381445831,4.73030023134
1.67380958441,1.02248505769
9.06642533971,57.8001060424
0.434779824279,39.0424392107
7.99718933455,55.7576033205
3.98726471744,39.9842734178
8.48311181237,67.2855584745
9.41758237733,41.667720152
1.55082131472,84.0652659189
0.673325379972,35.8394495843
7.98555264209,76.0893126603
1.76219735277,98.1139350351
0.99318665278,63.5610212435
1.83952325081,21.6862982447
6.47139516552,68.1734557943
2.42137806072,76.704028312
6.36921209743,42.1354681315
8.21476105146,59.5147721931
1.51702878064,40.1637118726
2.22885693907,91.0701908658
9.8609257527,16.5618537961
7.25133349368,86.5207451663
9.36870266137,74.1729123253
5.54720150617,26.0592517072
0.720638327325,21.1098085011
3.8843140949,74.9173483006
2.40719042053,67.8226943688
2.43309082947,11.7905720882
0.290089448,2.23800005703
1.59295673425,79.7000379817
2.48929207483,17.3061514255
4.55762801623,3.34985711135
1.70639533674,26.748630786
3.44167967439,21.2973883515
2.73546684007,20.1557007574
8.76873597177,48.9670715169
9.34523210995,62.5400240902
6.13304968939,15.5528127814
8.67531047505,98.322017825
2.04522668013,40.1684911325
6.07622665264,90.4684206959
6.52338246495,22.785729246
9.80538247522,62.8261470578
5.72951770682,29.2905025979
6.56894063489,23.66047564
2.36600107957,54.6682026841
4.72471255344,83.9967000526
4.27530336524,51.1239659527
8.65550695387,14.3197369631
9.0724858979,18.3119232746
0.06895750635,79.414957963
5.83358041191,63.9612516575
5.55942661721,6.01737904565
9.87849435505,43.9924340203
6.30423694066,93.1987255012
5.89701057783,16.676406244
1.74000631352,75.9591853523
8.71285324213,15.4663186306
6.43075358343,26.4031248854
9.82828093582,1.55021619303
7.62699601187,96.5022471591
2.38966828771,93.4492023261
5.04688105291,2.77595385314
6.34424619612,55.9121295074
5.92817288832,0.902496890738
6.1348443838,95.4376963836
7.74752179794,1.42829421314
3.04975640974,29.0850600446
4.25784161797,56.2702828776
3.43318084364,71.7131322237
7.46482429423,6.61490241246
1.1342598218,3.4399084147
4.14838361107,7.07734222213
6.09863219511,25.459393472
4.39632798991,53.4214475833
4.68510661912,16.7863842075
8.85390941196,9.69900239558
7.27848678407,48.8688291769
4.26222917344,79.4428834276
8.57519362267,20.9753523136
4.69874559117,87.9767236114
0.0660568038593,44.9122397903
3.75371306792,51.8349391178
4.91615854416,7.61128158989
6.11270941303,45.8626340692
4.00170927773,14.801032053
6.67059159576,82.0551342204
3.57222138623,26.4410922696
1.13063512926,10.5759862337
5.37020191629,45.7797175736
8.71895647092,59.751052619
8.15654567107,95.1031372322
8.18724850843,10.2946154775
5.17273711214,29.9940019115
0.563748400286,18.5907881461
5.66122913715,68.5681690011
2.27791394732,70.7844387489
0.928716601743,43.0208720895
7.25353505445,28.769299012
1.60039994541,54.4643768443
1.51318348694,34.8826445118
1.03182607715,63.7250537282
5.39922850007,7.18999665643
9.41430383098,20.9957227638
3.13512174176,38.6822075121
4.45947809957,40.2787250637
8.67710126171,19.5558060941
0.535793717677,12.3339173024
1.53687075357,49.3807076603
8.64320228337,19.3644174677
8.1412528821,82.516841975
9.32748707082,4.42472444438
6.02647268138,0.439265284006
9.41995104852,50.9618710118
2.62913216687,26.3997464737
1.02205699567,47.979522486
5.15537626289,55.7211442592
5.14814861882,8.18018358698
9.40665970445,33.0601304764
3.3064585523,64.8142867308
3.68444701834,21.3738552677
5.08140701671,61.6477635019
3.92837626495,56.5426894785
9.56749431714,61.4330208225
0.47434308327,86.1240714603
7.0599520721,61.9947158376
3.99442202911,24.6429353971
8.35210722139,17.7307979411
5.25826617824,0.338433754301
8.514168304,18.3655529472
1.56046212378,90.5491177521
1.81589632626,19.9820334677
4.65152470986,67.476831541
7.31050543358,5.82096467572
2.42687649071,29.9278490328
4.81335554823,45.2935920963
0.17251238672,55.2428993569
9.95864610722,10.7657127693
7.42014289894,26.72146278
8.1941284469,49.603712005
4.6367446042,12.1998811032
1.52155511959,76.5956140633
2.88005658723,16.4812946634
1.60302345799,86.2336202287
3.80468476149,90.3460543744
4.75737142363,24.0374039614
2.59475410574,87.5469475393
9.88909426031,12.3381154676
2.0868978813,59.864122075
2.22772620847,2.66583075555
4.46127149161,60.4292632271
7.77169186117,39.0396605018
9.67334814299,92.7177895553
4.57016736748,78.2773365392
5.58681240829,58.168129404
7.23459114283,53.266177874
9.68654332729,89.9935447784
4.10602613282,92.7236850357
2.40613908637,77.411384905
5.22399849793,67.3885355231
4.03653740357,16.1875873368
0.914140953874,47.8270733757
1.01978112468,79.2935406381
9.4591627951,1.32327511458
9.61985424879,37.2342566066
2.91822025749,3.53742690564
1.03153638235,84.9841044827
4.33508399707,85.465968366
9.42252877426,2.37586716129
8.05468932397,73.0039389397
6.33383278886,8.30681483067
6.35534957858,72.674190909
8.59337508941,96.1384576176
3.46352363974,60.2877050058
5.54102928196,22.2946175847
6.57942599565,43.9465661926
9.54141123744,30.5833952229
7.26480783357,29.0369743476
5.45650434796,99.3347441081
1.40026920007,0.338416288614
8.18029495402,80.3836242829
9.81018203123,36.2197626472
5.77677218026,25.2552984207
8.49234134396,67.6995388156
8.76523656418,21.3121982064
0.479439835893,28.6212193181
7.51214298881,97.2228883227
3.4480037051,64.7118758957
1.63225822588,56.469542307
4.38035964862,92.9076823308
4.80259605327,39.4176330863
8.42526468584,28.9943250917
1.95773935086,69.1560696147
2.43650265864,69.8297435951
8.00937056096,60.9193440942
6.2095600683,96.4187881447
3.95542762624,75.3935231148
1.55688335868,50.5595226207
2.99788461664,52.0974874798
5.68298551965,58.0409217259
2.26108380049,0.00356423491317
5.85104493527,23.7475369025
6.39411997923,3.22752120734
5.25451632824,51.202206943
1.14669149318,9.39135555232
3.00985431903,18.1677797282
3.43423181319,3.35748393949
3.42155679921,38.5421836616
5.40197306216,27.873734894
0.0601768664861,64.7590027274
7.70681594309,30.1613616535
8.97197850076,13.7768031109
3.28629996883,68.6487318458
7.87786236069,68.9219996841
6.43857687735,80.2715327208
7.36290452576,19.2629592168
7.90250472022,41.3682129633
1.38257228415,32.2850014707
9.64688584528,86.4204168998
8.40007364213,52.245868551
6.76152002765,75.2011359399
1.99573115057,39.1633597184
4.46894903934,61.562580498
6.3426643507,40.5224685522
7.54440223162,67.2224061891
4.1096223025,17.7878220768
9.01889833551,9.66511954584
9.63711822545,81.7403595483
0.586900092459,70.663583635
3.56112432086,55.9087121722
1.63093454126,83.2403502659
3.42830617518,23.5659917617
7.85516687269,78.6936866171
0.310880098224,87.4266231308
1.22294378566,67.4502209832
7.40833954203,95.8476536848
2.76410064165,38.5994286282
0.794595840827,29.4806211762
4.41151917081,13.2343282805
9.30866467532,25.0486331634
5.39816461104,57.2583399256
6.20166249623,23.2915161264
6.20106054951,43.0619786341
6.65415866217,96.7443889297
4.30008210599,88.592537337
4.95929956721,64.2034473756
5.86030546457,92.9138005735
7.30251135791,12.7327994777
1.97527784417,44.0129455799
8.57796466054,24.047025313
6.30050619953,9.22792110482
0.542454565758,10.2148848841
4.80722996293,74.4325847518
7.1827495209,58.7478202708
5.86786344405,5.27186421157
2.5534527884,7.74983479677
0.402085127189,17.2940301857
3.72505317054,2.24083745244
0.547944560921,11.014996268
2.37076199952,19.1602066376
2.58636061458,65.453362958
8.32063062062,41.7001478037
3.23824944726,19.8419049055
5.16436767083,40.4249884174
4.8953694892,18.418149626
7.70727399036,3.57409526661
9.33035021388,75.7604686845
7.370267278,11.0200114111
1.44405886698,41.8057328018
3.99261739606,73.2281394588
2.81344074175,13.5294576456
3.66772388024,6.52962526185
8.2849029451,65.8433068041
3.85830451996,61.8923832838
7.32273491827,30.9221134886
4.30618687992,4.88877132243
9.62965844821,81.6219991178
8.67707143188,15.6619100458
7.38569799124,17.3489319543
0.696283710121,33.3641463665
7.05680407315,55.5904490617
8.52077082695,17.6279055504
2.1665456715,20.864736651
3.29893350575,71.761885565
1.83866293473,77.6510444062
4.20005994508,64.5465754383
1.21026179315,86.0321326898
6.57118578757,52.2974021483
4.9601585226,15.8875981995
6.11804237784,66.7498386478
8.57769780705,32.893803145
0.115867807442,95.5333531151
6.12692396672,59.0499529676
2.92121803033,91.7521219287
7.1957516403,20.5442070963
5.21873215872,13.8999686468
9.53738136704,73.4172283081
5.25328402302,85.9534802757
2.92820895181,91.8898056472
5.29549268451,37.7564933933
3.89514576863,29.9747869772
0.0854041057258,39.0344052621
7.16829911048,12.9761970707
9.34253208699,14.462263584
4.08407394726,29.7000364259
3.97905006386,25.6426936852
2.5200959077,89.5814085597
8.00046085768,10.0945047651
3.16939045457,78.4403425506
9.41916233626,58.2544608437
2.7425168669,75.9819198099
1.28569574023,60.3358191965
4.86503201117,92.4720933418
8.48193277309,66.1975429867
6.93593918269,64.031471806
7.39164890331,47.3689334175
7.18822747536,69.1723931744
0.630321062032,24.1558478092
3.730036094,11.2063413414
9.69547887231,57.0104614302
5.38558783212,92.5489110887
2.21621608595,48.0102470115
8.23053309231,24.5633498614
3.14383372768,55.2220880212
5.96736173131,40.9830374694
3.43537155505,98.7426805953
3.1519354596,23.8209424122
2.61150062406,9.09407014861
0.283103412125,28.8371853865
5.6767913946,96.2454259068
2.95314056504,15.4695456532
6.84173802519,13.8302963971
5.0583283009,50.5366000648
2.02532006594,28.4718333682
9.33330050945,19.1718742684
7.64787873677,35.2517822802
0.0808999133198,37.7153931827
4.62480586963,54.6909764002
8.8111332343,82.5563199816
5.62935483875,27.8410008243
9.30048602706,28.2705022455
7.04617105814,42.0408425975
3.21731996644,98.1932410817
4.12150859487,23.3343291581
4.48096703908,97.2908316378
8.04826331101,15.5899009974
5.70230852446,38.3396737146
8.16928490891,84.1315473909
9.54184733726,61.2959156401
1.10323869724,24.070226395
1.58027729787,14.0705685076
7.98868274988,99.1037527797
5.76492711048,57.1879434508
5.9133581123,31.2022890049
5.68934315176,31.5234954461
7.6316476726,80.427252368
6.62322414765,84.7356120562
0.941322735943,85.50080537
6.96420606119,14.0608090046
4.99138411557,97.7367087207
8.68367812705,6.37491758815
5.86484700299,81.3779871841
5.70459840017,16.3414457104
7.9484818752,79.4912986784
2.64896260093,25.2051979121
3.66104176598,85.520675637
5.78197810955,0.50893185849
0.395678986302,26.4191242704
4.89582276423,2.23793912662
1.77177002533,30.118468727
0.0916128867299,98.3490188204
0.882905134813,47.0841388018
9.5211058593,46.1333244148
2.88282987994,19.0355525865
5.0698238003,12.9730830465
6.77429582422,63.1990796709
9.34450564659,62.4620978297
3.97638577846,20.2760508431
8.40730743433,11.700704315
0.495317906434,3.43710613351
3.42591450695,89.7220073551
2.54854238584,99.1163866867
8.43558419283,69.1317330483
7.17895863676,64.5042137792
3.80420007175,93.2140671731
0.440603140083,91.0469738723
5.46476106747,16.4707551965
0.0434489240363,2.04017529422
7.42773917636,26.4901112944
8.78626577663,53.7761988125
0.547528429073,96.1244463336
5.99346692106,92.3515319997
8.75021002036,87.2310363058
8.51719548724,63.2178836897
6.09088609257,81.4522329169
9.80041060968,47.620252906
5.616252949,70.5626332085
3.90223641953,71.5704222808
1.41829209682,48.5000053707
2.69387228084,21.0670128621
4.21705381419,72.1979625522
0.607077748847,25.743968506
9.76577157938,80.1027263969
9.26574871644,54.4252726105
5.2876670586,32.1628902885
4.78152706329,58.7498539483
5.80961201479,28.7208235676
1.31481051786,82.9370976794
7.06057878943,63.7596056095
2.83511465253,3.02146955722
4.63966445442,6.95665879673
4.35756149831,3.96647666841
5.48608143918,80.1961086056
2.8581175537,18.2223945091
7.35277200771,98.9874730647
8.67340488035,25.3605941699
3.66554070974,15.1411541778
8.14301404396,98.5429075908
8.00739636178,69.7256223753
2.10603956898,71.0785072322
2.98166422576,46.7177814191
0.538011645384,99.6027129815
6.18719573034,46.3705331809
6.1701704794,18.083197733
5.4429854275,73.7937673626
4.52352360358,5.72112485464
5.25605261778,48.7993204617
5.39124377342,61.5136631714
6.26585097001,84.5487152793
0.770274021084,49.2011967505
3.11629760514,78.8549450584
8.51700558011,25.2092674646
1.56750462223,47.6334406153
3.48363872282,93.981464098
5.16520580368,72.9170429007
5.96370448609,46.3688457727
0.139673017264,76.6114428865
8.71478906924,12.1851904721
2.45057711401,74.5811096146
4.57747849617,36.351609887
3.0903099573,57.9571874055
8.94292770754,46.3973735856
2.71846423025,65.5805146461
3.76878257292,13.5100672821
9.90506311785,97.7340820676
0.880241207332,78.254594416
3.85585480281,39.5677021622
9.38706843625,11.9204803223
7.01102634601,34.1116698225
1.63061051784,45.2225727695
5.68544127291,37.8513324352
3.01607357174,39.6596658527
9.1770734969,19.8460141093
1.57600541109,20.4321114511
6.63321591235,26.9462968378
8.46188053502,26.971168739
0.0767322070941,33.9985187963
7.31544871215,27.3864797088
0.726586714447,16.5000167102
6.02877365888,41.3363275153
6.62366086045,93.0401209374
1.84555448141,39.1916146502
6.71082264955,91.924644339
0.930465757679,5.23122681692
5.36195054132,53.648329094
3.33248017848,74.8079605132
2.00844540468,70.0537531708
5.45432708839,53.5824162896
8.02116805968,92.3779429251
0.021200504351,45.0355172945
7.72801620786,39.2134327618
2.33678353067,68.4763256819
9.45505433212,74.5271422548
1.32235336648,73.397919814
9.13673444726,43.0852047277
5.14075627652,87.9777167748
9.95984496637,35.1042774119
6.69242160003,71.5642769742
6.69361450916,37.5355400099
8.25133001146,80.7687519455
9.93967824206,14.9697282672
6.08907130574,85.0173636499
6.73487717976,55.7727986536
5.11996859688,1.05902884999
4.39043296249,24.9074368394
2.78180115234,86.5904099027
1.03991461528,83.2102992559
5.73886244196,21.5324913671
1.34271519715,84.8962808717
0.979408284966,56.4136776802
1.55435477424,59.1269107555
7.9132265084,3.73129134083
0.99384034689,25.1508103731
5.61088804882,36.3924311141
7.37498601628,69.9204515871
2.77639949292,73.1392540028
2.84070503802,38.0484581635
8.46637427856,0.500521746832
6.20088822598,98.145014191
2.71481812726,33.162536312
2.6928903714,86.9118195229
5.32081987265,59.4051243956
7.98172563114,25.256159493
8.22512515664,96.0570871734
0.827369470088,85.294305533
5.75324889778,2.06230169029
1.95721440875,14.5951154672
1.04785959197,37.9913698692
1.81015946255,13.5334871495
6.28290236875,33.9674330676
9.99505099161,4.27655268474
4.28316949077,47.5120444447
6.31649869017,34.3136572421
4.33746222509,26.3608355536
4.50879413276,69.2806555891
2.82213974271,11.4845102807
7.65775964243,34.1963998974
1.66047661173,29.0143192231
0.307367752016,69.8237828494
7.21390587975,25.1718635066
3.47379877986,69.1915211034
9.08087852989,38.1535795054
6.42887925305,87.5303437774
2.67597867339,53.2054126902
2.471196608,68.7119540601
0.659882340058,34.789378919
3.29571791737,7.8778327166
5.31730838689,7.44392074257
1.45661809164,4.91948934271
7.13584336828,51.5968172569
7.75917104393,60.5539940474
4.44131651141,43.2817629789
8.23976214078,23.4400072657
8.96588167647,50.3734312279
1.7690032554,6.55741784712
0.12485307429,17.7810084829
3.7794910029,44.3611427816
4.36470288222,89.0891486367
2.9400259378,88.21107118
3.91009367617,58.5590820477
4.91535678271,98.0500375177
0.76228966097,42.9359513173
0.832473248336,11.3943943584
7.36428740118,77.0872793372
3.63188257505,11.1339492642
5.53561034262,14.6772903957
2.2509879679,48.7157512076
1.02976444382,43.7102421415
8.49564817506,4.51141715304
6.76997635613,67.467806617
5.48405968478,55.2782818583
8.04476375915,90.1438124109
1.22080085984,38.8895798047
4.26138532416,4.82937584297
4.969633545,37.5724842692
1.96768270476,96.7439643422
3.57927850433,36.2625842372
9.9404628187,45.7609447108
3.28907873236,81.1274412851
2.82428532726,68.0440252687
6.04193555054,99.4070952553
1.44138296578,82.537243645
9.08773726781,50.3066573995
4.63563695603,82.2557933675
1.176867849,30.9689595541
3.24763744366,96.0280995196
6.2187743344,37.1407155989
6.30023129694,61.5897169486
4.5465730277,33.7403730634
1.98435553827,10.505442405
4.37632248498,76.6171436375
0.683811761708,66.1850779292
0.228199750353,84.5098798136
5.67298839898,36.6012473462
2.00322425386,34.152719435
4.74902287581,89.2197030909
6.21216554383,24.8576825472
7.85827546296,68.5840861175
6.79133419899,40.3638088858
1.47847225587,80.1933394427
1.80914981303,5.40599620447
3.68912193386,27.159116757
3.3820899599,96.150548614
9.60514782527,10.5477712459
9.71852707798,42.0511291427
0.146397795515,53.1977471777
1.73925773247,42.5676359245
0.616848533479,80.8081161328
8.81756716856,55.3842720729
2.1588356122,61.3516985146
5.08150958612,4.53759870449
1.11467349479,68.7806827878
9.92753427732,19.9968587989
0.244691129984,83.2986269088
2.5212679213,73.8872089164
7.35825259443,87.6980647758
3.14268973685,48.3344428249
6.16057012595,64.0761810056
4.25857574888,24.9898988357
1.06998161542,52.6850484417
4.73809343871,21.056830777
2.5065315553,44.8626345009
3.74493937665,42.8194079949
9.42804844132,76.1935152647
7.28546905166,24.9396790583
2.10455965889,67.5805633224
6.28209084227,80.4898161728
5.88882982701,97.1498641456
4.65919753643,24.9028340457
5.3688571797,9.50013716083
6.83817010856,38.2856642446
3.39657257365,40.0169786738
3.60063557875,26.3140488154
1.56850512556,49.3505519143
0.964155308935,7.76312172257
9.81934517955,5.4301271813
8.364686838,13.0974519013
4.58512382757,21.0537409074
6.39093515731,60.8372326206
4.96879359074,62.6449800005
1.52320086141,21.994499115
1.99411671971,39.0287056464
5.88379788085,88.5940904905
5.85864648422,68.8764306329
7.04837378936,64.9673705956
9.33975817685,16.788329198
1.25174013636,3.55773926362
1.45065103447,35.5002568276
2.17777445355,33.8555396404
0.0203424356618,35.5813563671
6.75671427279,8.88945738734
0.615519198997,87.5450425883
7.74564571458,77.5479332772
2.01311049459,90.9354247039
7.07849695323,31.5594610967
4.38107853256,58.7341102628
3.82506992408,11.3186624106
6.7733584786,41.2305000421
5.25902870043,9.09410823592
7.55273121733,72.4642302232
8.81042772615,10.386975322
9.47740321879,50.259903411
8.93419357051,85.020294256
0.458106017705,12.44374351
3.04443137407,52.0561103683
9.47999941894,35.8757912322
3.71340033611,30.6582749629
0.397142826527,24.4729751204
5.85420100692,36.2193129723
0.577759735252,9.27503856155
3.85994517168,59.9861839143
7.63150577487,74.9433185467
5.35213981404,6.04443093529
3.40267459496,23.0813824726
3.0216641488,80.9290707201
3.16117281502,97.6152302341
1.32968952598,76.5476971827
7.02722370641,21.5040120763
3.3321209625,1.76934089075
4.58353948885,83.9545662791
6.48544689589,89.3570470223
1.89485291833,85.1076978728
9.35877379014,19.9973495168
7.81465006073,86.8237596624
6.64624207766,0.589343773881
9.33541855705,26.5034579183
3.42861154208,57.9131964448
2.65687512431,70.7892908682
7.37173307608,25.9070944411
9.65056205631,19.058323736
4.47695033633,27.7325954885
8.83109022739,29.7497063473
8.2309015452,62.0191689487
6.73242613213,39.4339077032
3.4935629998,79.8793981016
3.29176126799,66.3691124091
2.68189616944,82.8234103154
6.4135820704,98.7986530445
8.97434997173,84.1028065643
7.43681113998,48.983360015
5.61997964248,34.4315129827
5.70239055014,76.5732910399
1.99490537412,15.8155712894
1.79485953748,56.4924748532
5.95782414595,5.26519239598
4.56665007162,74.3767371524
7.85826578956,61.0727517338
5.50812299062,37.3246375835
6.05441520028,77.9264805175
7.92982036069,76.7471748661
7.16763551011,8.63312497157
5.7332078221,77.1503243857
9.19336663909,86.9849792505
7.72635798925,35.4773275947
2.42294888523,42.1548438814
7.98058602554,56.2345632774
2.70807944153,42.4247857161
4.04791131456,26.5054501361
9.51721230346,99.2189971086
5.75511015914,12.483190706
4.44504626743,48.5271174268
8.89386489677,11.9257138888
4.08159141944,87.2408921669
2.94688366513,37.1998615527
5.37450545429,31.0284604819
4.40130884788,36.5291299763
4.52954915811,69.5245511606
1.32346784323,99.4395193222
4.57105720583,88.2140442462
5.71542311351,87.2957311396
7.13251621843,93.4937575451
2.43824221397,94.1148519179
5.07659628246,66.4687736059
6.88748194819,59.7596013176
7.31341494729,14.3421393998
3.31961640337,98.8134637621
1.52914423605,98.3687975666
0.661324170143,43.9370757212
8.17620193924,90.522227487
1.75316967434,52.9000631269
7.56517063074,99.1494039247
9.12477704694,30.6800182764
2.27101707184,98.2597111895
6.99824688009,33.8347121377
7.98150387315,5.08868159753
2.66189645855,49.9809163842
6.04261136384,58.3285136795
4.38220909516,17.2476104843
6.87651127425,55.1853497314
4.15496578185,44.9920367491
6.95234840846,43.5574720912
2.56790578679,76.929473951
5.34888227272,40.4358767216
4.11579982645,80.2388677678
7.20641712828,41.8752050214
5.74534587518,82.5886092086
2.36383752114,4.85966240521
1.91848222141,21.7546081591
0.0165119518187,77.2518849576
4.00619581589,84.0206071695
4.07966153055,83.5117845239
3.91837242393,3.40302505335
5.17587982484,37.8128697043
0.584565478717,45.0619807176
0.125852783819,22.6563235817
5.81160915522,30.6596072972
7.19928636034,32.4244332712
0.448053761126,66.8139181886
7.44608625504,37.4481858688
7.64051085177,87.4196899785
1.86265235775,10.9862767602
2.92692173343,10.1551861692
0.438045584066,48.1376225078
4.65422877248,48.6200102157
3.34718137829,51.5351062051
1.77823542229,57.3803477032
2.85611002286,43.1919617374
1.97868714688,57.0863790887
4.68217267653,83.7124166124
2.21515786325,80.9238681082
7.47319908493,71.4981993158
8.557812171,59.9178517391
2.30128553732,46.576579245
7.18491065529,47.3468106278
9.06396696992,9.08623357492
3.95381557312,48.8105083121
4.83717485988,24.3806877774
0.0707136555916,7.63534511568
5.45611049741,19.0707291675
8.91392748739,32.0982084068
3.00566113783,81.1345668236
6.26319490954,31.5389574084
4.50675332168,55.0720927891
6.36682307122,75.86862829
7.99352794679,49.1542609376
1.3422804066,25.3457383202
9.36678880403,42.4344486472
8.22983174183,32.5314242191
5.23416474829,16.6297137365
2.88782890185,47.1589362311
2.05863105718,80.2137211343
9.11486522768,49.7486745115
0.510575530608,69.1660217474
8.32498462729,14.5599471856
4.32972255403,97.3600573858
6.83840633445,17.2752419372
3.25745434409,6.60643202246
6.0138345721,99.4876174163
1.86882790349,53.0758739876
0.630235373352,81.6290669274
5.98216531736,60.1165438763
7.36024547453,66.5915863036
1.21624030607,32.6584484229
8.44256040504,62.0345115423
5.87703252641,52.4729624462
9.91051760409,2.64600798895
6.38032026093,81.2454621862
6.58699276745,29.2604083331
2.676498615,56.8973616796
2.06208348069,7.33718350372
0.670723661439,61.6779091693
4.78221973303,29.217124013
5.47408873934,28.6161439387
7.66365409006,95.5026223245
4.03613620589,5.31339795554
4.43985643584,80.0518731795
4.39129167355,0.546723335151
9.74681699423,19.4720653567
7.67738263956,38.8628926827
2.29935413763,95.0551110303
0.134394040501,28.5409789042
3.8230940263,92.6198103459
4.52509293984,88.8058043746
5.66092589453,30.4642537013
8.00726557589,45.0433968552
4.29631900668,50.5430872495
2.14100037926,29.733960027
7.56505886493,96.6170570289
4.04301320443,78.887689154
4.47305745074,9.29680628254
0.221158029784,94.5567081455
2.33375000791,8.28448340531
7.66979995507,5.89179702341
0.634503692019,77.8443946938
1.6401412107,9.34927934204
7.88038883218,48.822670649
3.04549754193,67.5000990949
2.18490135466,24.0195313402
9.17001658511,92.3638258171
3.29313890432,51.3718497403
0.662841214333,4.89362640454
0.130715806902,85.4761829586
7.76900036302,86.6157465093
0.46558208418,17.877473905
7.32130745957,33.7098097501
4.21138894783,72.2429290076
7.63739926682,5.11041665858
6.47807461707,88.8224981562
2.75777442671,75.0004871847
0.207243524083,44.998404325
2.51882276992,90.4782863807
4.14268120853,5.70899702255
7.98837682011,98.6827818185
8.82161366718,25.2850552686
5.87124998628,75.7985095128
7.46753403655,90.9445737516
4.98795429251,18.6780026389
0.859837697815,0.584194051481
2.64514273903,8.84159570465
2.06900495051,68.5114776852
4.67659452884,71.3604228703
3.86097773733,91.4727598566
8.95447081503,84.2916109058
0.182102785255,99.9366568966
7.39721262267,1.63884343015
7.22056871845,33.3239331215
0.231428376564,23.2247604092
3.73389598289,8.90849486111
9.14874245682,48.3660801388
0.151281947691,75.3752332722
7.24871184182,18.5184293258
4.53731014528,58.1256779706
3.32645971521,63.8997988331
9.62637560945,58.5907974307
6.17915133819,49.0574109457
7.35753756263,10.1080713808
1.19752730548,85.7003255597
9.32178472411,9.07865412919
2.43578234366,27.3120250665
2.80128708935,8.51075642799
0.178212847983,17.6094612369
4.4611145846,93.3707637065
3.30348967827,17.3985035591
6.59358593827,35.6673773968
2.86084328166,16.4613638647
2.88667927757,86.2941316738
9.56470317606,79.5290518883
3.83676205559,94.5169234162
3.32053684801,35.8276152872
4.73490857686,97.1698851554
0.828475666035,28.5290604207
7.6179745556,43.3901190795
8.86652708926,55.2777511155
4.95257352711,42.1757634039
2.75142062109,58.8321380529
9.42738881749,9.34889066295
7.066778726,18.3387085036
3.98943389352,95.0099863796
8.71271307478,74.5218059508
7.5720500656,24.8027683115
2.80318713794,84.6837083199
9.3449966446,61.9515152224
5.6141547189,30.5805054855
5.19711575405,31.8253935975
4.76161211164,64.3331617747
5.03597898598,9.52651125684
5.83608044764,84.6863749475
2.28790240018,74.9567489108
1.73404779701,15.4047456841
7.39207457016,35.2663283663
5.0843146445,18.1220503561
7.70247388017,50.2111885298
4.01783309617,56.1343172236
0.308122135449,82.1464033402
5.23162589204,35.3253087902
6.70865204534,0.855257806264
3.31092336793,13.8371679873
7.2996154244,63.7189743923
6.23427439929,33.4000773543
5.0224817473,87.3863599836
3.25662723016,39.836445764
7.63012677765,85.6490417121
5.10549660229,92.1655537144
8.20622371409,40.7494096475
5.48751327116,80.742298163
7.48639829609,92.7698298284
4.05376106409,20.5753323338
1.94359869063,77.1709961187
3.25817302768,47.1574471678
0.932992562009,46.5624806821
6.71534724369,54.9045522194
6.85102253147,49.9259224331
0.407910997273,17.3662592526
6.22984112407,87.082172394
4.45484563529,72.1167246896
9.09722271354,20.8370375565
8.89625077174,7.45753776771
1.7663467709,45.1236221652
4.03570170189,52.6240318208
5.53388136921,83.7681568899
4.13070438415,87.8285818986
7.83003482666,76.8825382674
7.74728339074,68.7937725754
4.60418474617,11.762428664
7.77953036588,17.5559284266
3.54433385338,39.1127955985
0.632502907282,20.4728055317
0.207975611464,31.6277735698
4.9604192275,82.2517713565
3.22936970021,70.4098530997
1.89308196961,30.7055094739
9.80242560068,20.3731997896
4.13372379747,37.1549492624
1.30806485813,43.3754902304
0.233410169908,75.068774509
3.0916706814,49.1767829445
8.26227172917,0.800411585095
8.64348552627,4.48989302041
9.36012980306,94.1968267065
0.312446409116,89.2698059571
3.2135873497,44.4803483517
4.7581961157,23.6245956596
9.23779930666,48.4961042501
9.5337759723,84.7574954935
7.96114630726,94.7670547478
7.01215100168,34.4748508313
7.69315998447,39.4732380157
4.85483206831,90.0060245089
9.6153747046,29.4619082872
8.66727028718,11.9538195092
7.92243972648,55.2138291808
1.45837486547,44.7457531193
4.21834686093,5.22474122672
5.90345320096,34.2769181581
4.0799220269,93.1832177391
9.31086679283,32.313970029
5.08357953067,54.5803508349
7.37547292079,69.2147649715
3.89569606272,37.1661892187
5.09050473481,59.9457754949
3.10526914234,2.97141741545
8.1264033649,89.7395044662
0.130954470891,9.41222086101
0.59740023538,79.5578444401
3.69055784412,80.2530270702
6.31063409953,0.389354992651
0.102040750787,43.8964137282
6.7242235471,22.2791697705
5.82734463936,81.3539093528
7.2459596821,54.1266478196
7.79239737146,87.8625816596
3.84007522568,52.5189504366
6.58064999794,59.803592456
0.965266952362,60.2955301988
4.04475307789,10.9201784654
1.21502128008,5.93026348045
6.2461925853,51.108178126
5.73924851062,29.8798236405
9.56916492822,59.5208517146
9.32526334317,47.1078219039
3.59804787825,72.6842004292
6.36465088596,75.5467006722
1.35394310334,73.4170483661
1.01294089294,85.1911923312
0.437035884392,27.1948748651
8.52427377016,8.44163345335
2.97002664397,93.4836521939
7.37488962609,39.4600402291
0.411719567953,81.4304539127
9.86614263754,70.5754413843
5.04973082201,48.2357760833
1.99544267908,73.4619402238
6.6960372631,2.95417056113
1.49072823123,15.6297564121
2.7340227641,56.3657631594
8.88683826638,99.4329702425
5.06492000891,15.341631515
4.95154904441,78.2255459992
1.90593359506,54.0048178969
3.89968200674,86.6356559824
5.46222706922,11.902420242
9.06392635137,67.9195370882
3.28607512928,88.5723704172
6.74826336669,28.8798201917
6.52249307061,49.8824840267
6.1703821378,31.5240575005
7.65820717721,63.8961535034
4.82782577124,50.2401138504
1.50927371832,5.24627057934
8.10353665683,22.1313974632
3.84603894035,25.069105876
7.97025132838,14.6320175334
8.8064858254,36.1120485182
8.61850796453,32.5107772723
5.64055482219,26.5813300438
7.8623096135,61.6969082879
2.59616108264,30.4255567377
2.19780488401,73.749515667
8.13873173131,39.6913852787
0.435101129278,48.8729405319
7.06450435514,91.4718638614
7.2347077141,5.02138495924
1.2740912382,13.8622254545
7.54245845124,7.62881317905
5.38354984647,63.7389664744
6.36184213206,90.0403536616
6.47494439355,33.0777730379
5.98429213492,36.3101955996
9.21649702079,77.5617141692
2.58470368853,56.4633944348
6.38969298642,9.57451452364
0.271955622274,56.0970423774
2.0860205366,11.8753651223
9.72372553781,60.1026128201
1.88520731762,72.2263054608
7.03573950637,93.6302065535
7.36713353301,48.6005083885
1.18423307342,57.4955451437
5.20662938307,68.6717068707
7.68441036826,76.0643453234
3.96564298976,87.3909130143
6.10989837972,31.1188490604
8.14336069945,84.2191524457
3.00918394126,8.10119204084
0.31229293002,36.950345439
1.09984141211,43.0991052022
9.89264905949,77.7645725752
8.47227939471,73.4860441714
2.23625259863,87.4675310803
7.04747879557,99.4166204379
8.51020021209,84.5825559596
9.84624477376,78.3890060397
6.28024844276,71.2389914016
9.82274908135,13.3975796525
2.85994746971,3.44996047453
6.61216800192,10.6692530659
2.12795086637,7.1422656387
9.21376025355,49.7644967036
1.94883463089,34.1706716044
2.68954252508,97.883480582
0.284327139935,25.6896969744
4.46013419824,54.9457790374
6.89046689427,1.66009555512
6.70166754384,75.5366219955
1.17745363172,54.0996001083
5.93901584091,68.018080639
9.00738731427,4.6392401951
2.41633850793,26.4061707925
6.17009856401,28.9548502945
5.22835455352,36.4541060761
2.01911111836,49.79485079
2.66473145638,52.7130637061
7.53197834023,70.5289882697
0.796917681945,25.5667314361
9.52453008759,21.664406612
2.20360963546,43.4640896845
0.606692459411,2.694140021
6.38500042646,86.5940841699
9.23388517027,58.8944032703
9.44128181108,59.3204297389
8.38959583333,2.00131715429
2.75053696041,23.8459549014
2.79488696303,28.4361203095
8.20190411738,8.17894288077
8.2748664193,2.56030847063
4.3687733993,0.179363321085
4.94871255064,7.36111199682
2.54762584521,3.98472973332
0.117687101031,65.392623895
9.79790884274,94.2000982292
4.60750961676,15.1914298693
8.11472339434,75.0898316646
0.492870053072,5.58801687391
7.95110721524,99.6576993907
7.96684567694,7.03281788567
8.06478514299,49.5503267657
8.61308764135,60.2019257122
4.96083338634,83.2882499959
5.26681886715,56.4923657278
5.5870315298,19.5295997147
9.19707524677,39.7479714644
4.96521308871,27.8797535608
0.0625066495153,36.0547241461
3.66162578976,56.9840365765
4.31886843208,24.6641983293
6.03145546189,82.6320619064
2.60598171476,13.2239431609
2.50426677906,96.2930939216
3.15981281492,90.6893753845
6.7864833219,88.5806268141
4.52503574253,89.9105522115
6.38221715082,99.8931515024
2.96955532964,5.94404400004
0.776512781745,94.2687060532
2.88283326872,5.38167862354
9.25646868021,46.1838627997
1.62925936551,28.7937305112
2.38900820161,96.9018795902
8.37132406896,16.6771800844
7.95319476391,96.9285167212
7.6989450937,36.8347618582
6.45877716601,60.8810635509
5.01525593178,19.9466124809
6.56802650266,19.8513221561
3.7949500657,26.0050256222
2.66498052349,76.7132431124
1.66992078822,14.1075723308
4.54666268041,53.4424729481
2.79142991884,45.8084096693
3.81676515921,44.3978163256
7.04177528887,11.7243334644
1.31318354517,68.3298017298
7.63470326558,44.4795127011
3.18548886207,40.981943091
4.27488794924,75.1644042088
7.05058655206,11.3266547226
7.66415926358,48.3678447928
4.91219649003,98.7304154977
4.57058995766,95.0768580138
5.58763705859,2.68564348142
1.52558001721,21.6510790854
7.4531224675,39.6527569791
4.90265823824,5.19035390871
6.82393856585,38.2109382988
1.13608187371,86.3699371475
6.36286550921,63.869705071
7.56309755876,24.5922447789
2.28110545321,83.7731336153
5.37937211248,65.6909141631
5.21721943512,77.4573396805
5.50788119361,76.3078647223
2.91843686643,23.2501528273
1.07836062008,19.7366997573
0.743149824843,14.4042482811
0.530797968379,24.6199255403
1.24848091395,19.2621800409
2.32977995157,94.5837070202
4.84999005845,62.5861426129
6.49774545693,2.68270882061
0.172109635531,72.8423336379
7.12894808935,11.0974753012
6.17461641807,37.1666736645
4.29615208762,85.121836982
6.40902748684,71.2134074795
6.23513269971,18.3760522333
5.62139063913,92.6515186717
5.70452363561,46.7219980762
2.08734611777,30.1122860052
9.75871438438,65.0926243714
1.47129844971,48.5137115818
8.53972988044,40.1937368932
7.28034961698,63.3372064275
5.61902705142,91.155640442
4.33666743563,86.0211873907
9.90838033935,79.8450339428
3.98893175365,90.3056064423
1.71300941446,50.2468646127
7.7673082666,36.617461701
9.42397709706,91.2031021921
6.00382523067,74.0410428097
3.02913242445,80.9737539747
2.76563485718,91.0637822514
8.38524179129,61.2057219721
7.26110716897,5.45593497275
8.0805638761,88.4432985145
9.69190021338,34.1557161938
8.36485158404,39.7947713549
0.774280184625,34.0383614675
1.74696990992,19.5828489698
5.01639868084,97.5304069939
7.20874315477,31.1127936538
6.88647960513,20.4016086951
8.05058133096,72.1972563349
1.56424873017,61.1101209484
0.712829896284,92.7244768163
2.87826426213,62.3761847562
8.95077735977,91.8209493606
5.68187927693,30.5703201542
5.38852935302,27.1447406741
0.279797883656,78.001841624
0.634770990011,23.6690425431
5.24479721236,53.3111959219
7.50429854264,74.0680270525
2.80357903454,11.743654671
9.6454566177,0.157276413067
0.891566051259,8.70660398945
1.13915993899,19.2911943645
7.26872288037,93.9149843595
3.87128310849,9.92222093932
2.03407012202,28.2225188341
6.22557628728,8.90748078778
0.281352868759,14.8854675022
4.21869466296,26.7061575878
6.44873806772,33.6072660271
7.38880026794,44.8884451357
7.22089034611,68.6552777795
3.84720711933,18.2162623257
0.931858242155,2.482712593
1.84524447756,72.0468363655
6.23459871041,67.833801771
6.22524886705,35.950037944
1.72062262156,6.05519198694
5.07616144545,97.0899126857
7.46199324662,76.5128729273
8.92388941122,16.1521642465
8.20548647629,96.0586415882
8.73676356647,42.1604790275
2.52940806329,91.4910636074
3.42772924266,62.1822450537
4.44050980364,60.8962864058
6.15655571128,5.87341217751
3.24458238677,57.6045870663
7.69366182159,31.8596506964
5.5533492895,98.0509844348
2.77575404294,86.3041796499
9.29168299782,65.2093121076
0.350676886343,45.9336731514
5.56603728879,87.4300553378
9.9266884351,89.0994068367
3.87901325161,36.3004061485
4.36759312381,15.0911443265
2.98042815527,90.3010669431
1.68837099462,27.5910315055
2.30518033708,97.522765298
1.09387223891,22.8277707046
3.5835381912,55.383545072
9.82443839257,9.66237749076
1.80629626901,34.2530138745
7.10077016988,95.3603250291
0.889321479137,61.2742289352
8.89622070816,16.9665124264
9.33265999377,23.7254732885
3.97859299284,70.0804854006
9.62662439731,15.4245994956
7.2527915125,75.9421656746
9.74999243282,5.86636892961
0.585285748994,50.2765508783
8.55070043889,97.9280504602
1.92303418375,85.0162753612
6.19338037395,27.6896214741
0.671021555446,72.4825584558
6.29388611745,2.56324345524
5.42600535171,19.8003337998
0.60111662677,48.5303644475
9.00162170107,31.602016074
3.83106753468,99.5171280018
4.26868858668,79.0538926569
7.58544953312,99.5467143566
1.159143273,8.62911977312
2.2139428575,52.4158025609
5.19110535794,77.6283967661
2.98542198072,75.9692464522
8.85627889134,56.553397879
1.16371066765,47.7012085765
4.44668666202,9.65893216533
6.42378111373,50.6994411486
3.44904055131,44.6000087629
1.28438758482,19.5836713823
9.49347341164,56.9888664966
9.10265821388,87.7612394747
1.25891889107,97.659406246
2.65138636062,81.9468766823
6.1098396409,42.9375990675
1.40309929179,77.9267487223
2.95214091903,79.3161299116
5.91453422733,4.8517008211
4.37328724135,91.3273712876
0.91353785389,52.0318319586
0.617074093969,96.4741186609
0.302898805632,83.2394459097
7.657763993,83.4663949821
8.17350291132,0.843608568734
2.21365763057,12.5863386768
6.69134070337,97.6990967198
7.1064489078,95.5088830879
0.211997443431,46.303553592
5.25715500398,55.8114587454
3.93148215448,93.2911246438
0.566559767267,13.8099091559
8.06889146532,51.6325430152
9.60816087503,40.6622340212
2.26676709948,83.266300343
1.43912647798,92.8794557212
7.56478800871,29.8627044223
2.1992944612,40.0790369961
2.35122110886,54.3383062245
6.01323867721,6.18867588928
0.683364880317,1.98953642441
4.75620732375,62.3344937778
0.261272989617,36.5822961098
3.14287037637,47.4946432091
9.29855458608,84.4224155813
2.19314699515,79.6903561154
0.135096556895,92.8147810351
8.2605565287,93.5776862328
5.6738856356,27.9852524899
8.63370541263,11.8039747198
3.64061560723,75.5383898307
5.06802588132,49.928811021
1.05318386253,67.3744048349
1.71668847732,26.9554053432
6.83632583683,41.7737775869
6.76300172888,56.2220813363
4.58864634514,11.1828432617
4.96338193616,76.458957172
2.13704271749,47.7497616846
4.35149399358,70.1658284535
2.83129787139,46.3135109191
0.723405081378,64.9809683434
9.41912511749,7.75751922431
1.47195912208,53.9256123758
1.55358029631,1.88806130033
7.90627939662,99.1814973634
0.949105127272,81.2944472442
7.72055289474,45.6520280856
6.54782836359,94.3184235747
1.58952315874,57.5218360166
1.67787740943,64.3571266751
1.55439182278,2.73845793866
3.13190843287,82.0554375087
8.66265521083,70.1241637667
2.17434379034,77.4491312729
0.577814099196,54.0405259099
3.81213491321,60.7482117399
5.69774601449,41.505029031
5.5828894726,62.8056392868
4.65206607289,70.855620869
7.12031526079,35.5643247278
4.33632947291,51.5336204766
3.31088453327,73.6122555609
3.85390064519,34.996504521
2.40054864526,16.6220500394
5.7162144495,28.2588390864
8.20097235081,91.851811368
6.53533348464,3.46825838174
4.95011459706,41.7344866057
0.0557323367702,64.1933441032
6.61008276109,43.357237515
6.17594780467,64.3562402998
1.18463912724,94.7838431879
6.95978080599,67.1604365207
1.02973246447,4.3444240526
4.65751258078,86.5881387881
4.27582911547,19.6517465671
8.95229670528,42.232419889
4.84496904393,51.3585077909
8.30316095788,28.9482354965
6.21239193962,35.0962139535
0.970710941997,47.1213089555
8.96623236808,71.5606061983
2.82432589899,86.6798957359
0.306230670736,61.1884014166
6.15748832952,70.7200073374
6.47992335192,75.5618287428
2.2367053227,69.3470527468
0.506857567867,95.9418968589
3.3097750779,40.6811948861
6.93313367704,25.3438411158
2.11482800464,84.7561297922
5.1930874056,72.3257962716
3.90958293379,16.1758964375
6.10214313974,44.2921082532
5.75808223156,80.1328372
2.12483017228,92.3123574488
5.86058593107,50.387584176
7.6832833711,25.0534135195
7.57120659698,39.2098019715
2.52312505278,93.5293816818
9.60487461989,55.9032975408
8.7663512281,71.2110194294
7.35300066069,20.7330307454
1.51593580293,61.4196222115
2.19221298205,59.1660977493
1.46463472818,3.28690253333
8.19762960423,10.1952783091
4.52736804377,37.6770377079
1.7048179186,44.1826361236
6.0996990942,96.076848859
2.48191672909,34.3006304561
3.20732455048,15.5323320911
0.98950304632,75.3253868261
2.0906119002,65.658625748
3.56412442457,26.2305999641
9.91389333185,46.7392456125
4.83393389256,0.0300047224954
7.61074611664,77.582037578
3.89038716653,44.2263733066
9.63317984135,34.8438852388
0.29406214895,58.6703939085
6.35863937021,96.5144455183
9.25880406028,6.93449190297
9.75627618825,49.2564195866
1.38288810069,22.7060866125
0.961738852091,37.9208307239
4.81777830615,42.8334572884
2.45014200783,72.3912987617
1.57164053742,98.4836489215
5.75905430385,99.9679925377
7.88987925003,87.8107881588
0.57345976479,4.42639110595
4.59443308697,32.8825169839
6.33798632481,67.5741827275
6.621620659,9.34608113999
1.44099955191,98.8772292091
1.82484256713,54.6043361799
5.17875414488,12.4060536066
9.40889690737,97.49210334
9.4234968212,52.9435412132
9.18210949117,94.9524312119
1.96187793141,78.6316073387
8.27019341727,64.946781304
8.40656381924,67.5345452714
9.98797585271,69.1670558595
9.793841982,15.4903919895
5.26193321204,0.901652851962
9.40373508393,49.0685717243
1.19822189894,65.4270278431
1.29831351765,60.4671682869
2.93776083501,71.583448823
9.61154529294,23.8289113408
7.30449899399,15.4682883066
9.48394809025,62.3592315202
6.2402896568,54.4932674556
4.22704489049,46.0485359639
0.6837983603,21.5401182877
8.62760209328,89.5248093142
8.08204100879,41.9878841961
0.764545933282,81.6474988927
4.83232491943,72.7800875115
7.14918708284,36.936007081
1.39550927284,12.0380007962
6.28964613582,38.171545947
5.03758562223,98.9491956187
4.22036367135,89.6038927936
3.31692796082,9.38928399239
5.38095824018,8.47784914075
4.88229313259,39.6111296836
2.48523297162,65.3206346662
3.20878676389,63.4813224681
6.6780679074,71.0925747787
4.23886750496,22.9338125079
5.65751617606,65.7450932797
1.03487558941,31.4555771921
0.610602149156,69.9341502035
5.63805384867,84.6962711298
9.95471117658,9.26132251879
3.18729684641,52.147159442
1.55429979249,95.6381212156
1.70879215009,4.35126241689
5.20770260291,46.7263064786
3.75939432779,64.2787061965
4.21431328347,48.3025268524
7.69197630632,50.8830036557
2.38698918297,42.34376713
9.81076466267,48.5434134308
0.972968136977,72.6206858758
2.19550350286,31.03718525
6.81695655598,35.773073444
7.22320254923,75.2444863501
5.92683195383,13.3572313865
0.616039965632,72.301669238
8.56661503037,18.6768895654
2.52581532212,53.4337520762
4.94037458419,28.8612300726
6.83875957188,76.3765490213
0.920507429493,18.3089151556
1.504239929,27.2438840578
4.05504770482,57.7749053445
2.52049756469,59.5069402089
2.65546975464,57.6732523103
3.61217426126,13.0296856679
9.0378655755,26.1884659076
7.10963680504,56.0300263685
9.8227730922,52.8634439361
8.5549237909,41.4198773214
2.09567191608,35.9136821229
1.02039067251,25.57330633
0.67957775166,80.8880603971
2.93324350881,1.93254540374
1.1108884499,78.2014197076
9.8686611091,42.2928367168
3.59167435612,30.7283928654
1.52060437767,22.2203853691
5.58227540467,29.4690086817
1.00369734345,95.6325371561
2.99264669383,2.78554242048
3.57869895541,7.30217321134
7.78244885636,64.6076310564
3.36714933965,93.7463543018
6.02073749361,65.8916900158
6.56415173521,11.5286746071
8.99882980113,88.8573179369
6.94776088459,13.1307012028
5.5543121398,3.46223537161
1.29110078363,87.8118216037
9.56093834934,20.8961876182
4.902264363,40.6400963302
4.2127514464,94.9796697895
3.73031620702,66.0564698014
9.21294360715,95.3702839207
6.69963240363,61.0775340593
0.625481080707,47.9259857658
4.09308259452,8.11649796382
5.67107788819,87.1967793369
0.979432457157,91.3057713073
0.178082366675,10.8592559742
1.33883785311,62.2292756398
2.26844093431,89.5372959423
4.49921041334,43.1634628248
3.08077192929,99.6790126049
2.2330291403,57.436794395
0.674675976658,71.5510275907
1.05840354458,57.1950555318
2.99728205089,16.315515639
4.36276397897,31.4909884573
7.81642296552,99.4057760377
0.252165325545,51.6285376408
3.76653730073,26.4840729482
7.13949834124,68.782453781
6.69898121428,92.0471376873
3.04987038731,70.0704262652
5.29395568733,88.2133253282
0.97296747847,36.0593953475
6.33289164126,99.9752604198
5.7624697737,57.318962388
3.52854657259,14.8019609853
0.188541669716,20.8410499685
1.68604329216,47.773987439
6.41029418863,9.78259572982
5.26506517453,69.8764211845
0.856807204682,29.8698857039
4.47071518344,62.1789044068
8.13334194088,62.4374929744
6.36944399249,44.4204254029
4.23524182166,86.6266045806
6.58449146562,70.0637006813
9.7198337764,57.9103636695
5.52191504155,5.19194311278
6.22882301748,35.0671259614
3.96542781931,8.51955492976
7.64961827514,69.3140564284
4.15290889408,37.4126736333
7.0793730021,92.7818980767
7.43418621985,39.3669927507
3.61493283428,57.5146740113
3.07899032167,96.9218387423
3.47822260747,38.3437267537
2.27456922414,80.3147835781
1.62240622686,42.5467021107
1.5348936969,38.1776911984
6.1263998743,87.6170824368
6.01572464673,78.2151218037
8.27893018813,14.9381667075
8.53234937134,18.3715486666
2.28267666908,15.477249099
2.94303047404,10.5532866288
9.29466180283,91.490212582
9.9285469026,90.4945806462
8.94152876692,46.1598532144
6.93989942239,13.0671353121
2.30542552283,37.9741885917
8.43089928136,49.3131824872
2.76711295292,38.4069355496
8.21608220122,21.3869695763
9.32873476102,9.21193805155
0.990580082772,90.6750205485
0.624019839276,86.869554794
5.10525630482,42.5481365733
0.62648266995,49.927823723
0.670518277622,76.1055774441
2.7841347795,29.0331601062
8.70689656292,72.2960659316
5.68319919362,71.3376195962
7.18121396437,3.44091776082
2.40929783185,60.9236675392
7.71583477189,0.499584436246
2.62452725855,21.5471367758
3.98720390084,73.9773031986
9.9969321419,67.7313277762
7.51577498179,57.6249391976
8.0695973819,39.3137094662
6.17156671679,29.3833507804
8.03056089853,0.572682207897
8.13561847469,41.2714361852
0.70066250311,39.7513617621
3.41115102845,56.174895885
7.5397782774,33.3632290692
0.979575168832,13.5088289144
9.53872551836,99.5167124334
4.23551686942,15.8679324099
5.79826674445,52.5045019105
7.28770772754,46.1900431335
7.89442260785,62.5308471077
6.12206369381,61.5566923636
4.2279903462,79.6229096095
6.60704485163,76.2012974607
4.75842246111,11.2759392264
6.64014969239,24.7036879454
8.86026179315,46.3614316262
7.97718873637,25.6115691824
6.53203134534,76.1036524467
0.792885582672,18.2273513643
1.94640975193,0.111642299025
4.65278091043,38.3463056483
3.82692147336,87.639176147
2.65735469981,48.7452098813
0.205971466649,52.9498394191
6.71239963313,32.4945897374
7.8753130809,1.86802212448
3.3250039314,39.3666160486
7.05251316223,66.6749144307
4.51607644996,46.8747604753
8.97099885385,33.2515225309
8.93462349381,16.6405812098
6.84355609138,24.0378836961
6.8806254612,89.0262954157
2.68576138458,77.0918630173
1.0992263339,92.3870327961
4.03723671619,24.7865453009
2.06190936997,78.9332196278
3.92795915702,47.8126158563
4.82569864186,82.2685553019
5.82687508613,48.4978085592
7.90705964523,63.41999541
9.60830208989,89.4769979687
4.19689679034,83.5535555259
1.06187005225,41.7706149827
6.58940378935,22.5423070215
2.99407993496,74.3388608023
7.27219871614,67.4198594069
5.27547851164,6.80725537716
4.67303558221,64.702025982
3.12599881108,90.4122580386
0.620528150326,28.9017717969
4.9802205226,65.5126630247
9.76165988459,19.1345693357
0.932885540997,76.9358994458
0.705023828535,22.4779778466
7.49388455771,48.260506544
2.20483047163,18.196936269
9.4714451237,21.4114211978
4.17347200886,19.3401495812
1.77383679861,3.81471626832
7.04424764034,52.7071887666
2.66299597868,19.773387323
1.44751184162,75.9419404189
7.32283668817,8.62578833719
2.05281526295,79.310209894
9.71445331232,35.0681731
3.08531624419,75.2076123908
5.84850886621,62.0922876787
4.88562051248,11.4791297084
6.29630953208,77.1509546429
5.74247314778,7.81400737104
8.24552922218,51.1160038408
1.30465517887,79.3873678755
6.17436895968,20.8369091297
7.46866364033,63.955796362
6.33264766359,76.5647159068
3.45595330282,88.754523537
5.65754958709,72.9113982521
9.94867523896,95.9890248408
4.09775322918,70.1745816685
5.10651294708,63.1364800268
6.53215886429,86.9599479721
7.65168620871,77.8405668383
3.2139192105,27.145808132
6.08810922187,96.4606961438
3.19046282246,90.1151657824
8.69248413961,62.6267924329
8.69014244351,97.6245075383
8.59990774278,77.5181898499
8.75456744555,7.97984015232
1.52900163702,67.7280229394
6.55186829758,87.3297940782
9.06741334063,41.1745084567
5.0126924813,50.4870932216
9.67476235602,36.3569019889
2.11614021827,87.7515065965
2.38208713966,96.411149622
2.54837358649,12.9462040501
5.49238093893,15.521316489
6.21141519891,82.1609819429
5.81831174102,81.520574006
1.5251032353,82.4771421775
6.30911248593,68.3777708517
9.61237424135,37.8487734256
1.10170185878,63.4335995115
0.823350543182,58.069660147
6.49355658668,29.6364500157
0.554792174842,94.3703278429
2.40523491542,31.2751026052
8.04762344296,22.9119507614
6.86127862217,20.6198239202
1.14513362877,84.2049215392
9.99107735774,71.1764370294
9.15683900508,42.7219948505
0.779761428554,60.2232047671
7.43798514556,84.4221465586
7.37851335816,3.26166520972
9.05019615331,98.6948516681
5.96644598639,47.5442581053
8.79343515228,31.2260190281
3.57044708017,51.0241501559
8.5255349749,87.4757103258
5.03453442096,30.8314755876
0.254448803565,40.1171540281
9.5736769921,25.2302534986
8.33425696254,11.7872585775
8.51535953621,26.1440688564
1.883261185,23.083558755
4.95432229081,64.6077143915
1.85387089432,73.7895245741
8.20407170041,40.0880966536
3.59954446985,35.7592781693
5.04979414492,57.1808355242
0.959924814211,84.2628896757
7.32750129273,37.44819676
1.28906901804,56.8292874828
9.39828736933,67.8815719191
4.4319333098,64.8395021817
6.45238288139,82.5283990014
3.35271691645,76.2573566141
9.44216369161,15.9231607339
2.73398272271,72.1513629711
9.38519610648,70.752928195
3.72205377075,0.00054868246222
0.267925495881,51.5348195135
8.6906889341,61.2357167268
3.32562023746,98.3195784008
5.67520755802,32.3471008519
8.82498382151,80.2729749449
3.45860751051,91.566855086
7.37187685666,58.4570641226
2.42302035898,23.4168113539
1.3832005434,58.2573842027
3.45641405623,9.82622410113
7.83200354734,68.2227215885
7.19257133759,8.49675390916
6.0630953382,65.1374783144
6.4856295678,29.6002647182
7.29327566366,93.5029431612
1.64642773736,71.6006436856
7.04491457163,71.948917635
9.50573525511,97.0454482087
9.85446226608,10.1993458286
1.25266472044,11.385852977
2.3090056951,78.2955640514
2.71994308272,96.3897788117
0.842117304071,49.1669555513
3.66197514763,77.8218040733
2.83014668151,3.18821652415
3.06590341303,46.7938191301
0.992772558694,36.5791298592
2.63656953347,55.9831202747
2.32061243222,72.9016391148
4.16221320353,56.5542626
4.70088126356,33.021835457
5.57137771942,17.737030325
0.407087930687,14.8843831721
1.30761652446,12.2436646331
0.298459734734,15.3166929721
2.92372795365,6.57352523411
8.62527924329,87.473735952
1.18466304745,8.58370213984
0.65952116159,77.0764377356
2.88674279961,20.9967278365
7.38459060145,88.8865348619
1.68036288209,85.0626799959
7.28996483907,45.5830539167
4.3615603613,21.4420416353
1.58528968901,84.4382686113
3.37321241763,99.5008032175
2.92831850161,73.749289547
9.93395579378,72.098429375
1.56481096536,93.5320863805
2.85563663113,96.428923848
6.00737696949,1.67253070091
8.20882860852,54.1142553604
8.69590904919,86.0130482298
6.92317395827,14.6579959306
6.04641434887,73.2350952232
9.46433716361,51.6730361053
7.41896554383,57.9457569283
0.766210134986,53.0001900923
0.204825260604,16.868886731
8.25109769568,58.571642857
7.03005446368,39.8246308598
4.90553825029,83.0411407527
2.65554128111,99.619585614
7.04946087411,80.4055298609
1.48655140352,31.7368528445
6.84307446767,37.7566688459
9.81534662489,24.5515300615
0.868291658287,67.0221213406
4.22506743227,90.8756649759
4.82732442295,95.0978524956
4.01352551774,84.6474199477
6.5649843156,97.6072847454
9.0347466099,40.3109945514
2.8234026948,20.2188785571
9.7030198517,87.1958021604
6.45542804853,32.0936606192
7.26628597628,99.8682797165
6.89584260357,23.4357487924
7.48090691303,22.9901275367
2.02362750292,73.6815534182
1.01564156609,20.9914622293
4.20365609601,59.5103897867
7.83482328954,94.1270324983
6.13847208926,31.555287909
5.67017523088,23.0415749306
0.535531769485,3.58346441506
9.00769266631,70.3950377142
0.819744152312,4.52527653988
6.85537753803,26.2113987768
8.86577549902,53.3831896063
5.32856157692,9.70153976173
2.51217355498,85.3730649076
0.122859911041,84.3120554744
9.40662354129,59.5227914779
9.71128553657,91.941734043
8.42170037861,22.6952528208
2.41862096405,59.9846209809
1.04299513858,67.5737703602
7.11733455434,65.0636544439
0.228646424597,93.5010484364
1.50296875668,29.2577477828
2.29148067205,3.06357367787
8.45599457847,86.0401958996
4.59090571689,73.4555936172
9.45724464076,71.7416137906
9.33875277213,64.2389241489
3.06418354473,23.8019852985
5.51873119077,57.6028820762
9.51907504217,36.097239412
0.514986817324,89.9815416301
6.66331570061,51.8976314049
7.8193753921,16.0858245809
1.43020960142,87.0008277775
9.46463047271,26.7862772047
7.47627948731,56.8950752241
9.4461201498,12.8716773186
0.185954150817,77.5430831461
6.52351856634,65.6774048596
3.09728367974,58.6626523855
5.75441468195,21.8889335525
4.36668049862,14.2160720591
0.399725600714,49.2933996822
7.25448035752,37.860851599
2.88102613294,85.0336450911
8.63500684976,5.4350444415
6.94167298105,14.2383818432
3.06899980466,5.34477280538
2.08591292507,10.6597784874
7.29494565921,27.1311638747
9.69211992154,69.8520685305
6.67043345772,49.3325728749
8.79563481812,68.1576800279
8.62095974327,34.0988976704
5.81678816505,77.7117566321
5.05894984158,7.19049256391
9.73182033646,74.3929790294
9.40971001973,28.9442492606
5.07444738755,26.1376754644
2.0612818344,42.5408405222
4.06980200611,79.5555345938
0.843881190325,63.244836809
8.04349116407,95.3183105297
7.08579105759,34.6098104719
0.455836904827,96.0221551169
0.0624244463784,2.78410098514
0.222103444762,31.7146790822
8.5037550937,33.7263329203
4.24538882401,66.2429368
9.15016711926,24.4373942704
6.62333339989,34.8276867861
8.08959822388,78.1681545349
4.59839126369,45.2244122466
8.75177240194,37.8249402883
7.09234369492,6.963537516
6.314360467,48.2524498344
6.89420847545,90.0470142936
0.302874614309,39.336243379
2.99403789215,93.844619979
8.83226626524,63.8408223593
3.15567850735,92.3194164711
1.70421366937,89.7280915651
9.33332728008,12.7037782849
6.68129709193,45.8408601
1.668245413,72.9707830357
8.18411317489,63.6345878252
6.06931871071,32.0022746349
4.40652828727,43.609041354
6.86999127525,85.5642675074
1.54766534299,67.7720352109
9.22445995139,23.5516291095
9.46174755542,26.7840744138
2.98784142428,57.40167855